--//https://agonix-tab-x.netlify.app/
--//The website looks AI made and the obfuscation code also looks to have an AI made system.
--/script before obfuscated:

--//AI made script (bc i cba to make my it myself rn) to show example on how shit this obfuscator is

-- Load Rayfield
local Rayfield = loadstring(game:HttpGet("https://sirius.menu/rayfield"))()

-- Create Window
local Window = Rayfield:CreateWindow({
    Name = "Twin Hub 🚀",
    LoadingTitle = "Twin Hub",
    LoadingSubtitle = "by twin",
    ConfigurationSaving = {
        Enabled = true,
        FolderName = "TwinHub",
        FileName = "Config"
    },
    Discord = {
        Enabled = false
    },
    KeySystem = false
})

-- Create Tab
local MainTab = Window:CreateTab("Main", 4483362458)

-- Create Section
local MainSection = MainTab:CreateSection("Core Features")

-- Button
MainTab:CreateButton({
    Name = "Print Hello",
    Callback = function()
        print("Hello from Twin Hub 😎")
    end
})

-- Toggle
MainTab:CreateToggle({
    Name = "WalkSpeed Boost",
    CurrentValue = false,
    Flag = "WalkSpeedToggle",
    Callback = function(Value)
        if Value then
            game.Players.LocalPlayer.Character.Humanoid.WalkSpeed = 50
        else
            game.Players.LocalPlayer.Character.Humanoid.WalkSpeed = 16
        end
    end
})

-- Slider
MainTab:CreateSlider({
    Name = "Set JumpPower",
    Range = {50, 200},
    Increment = 5,
    CurrentValue = 50,
    Flag = "JumpPowerSlider",
    Callback = function(Value)
        game.Players.LocalPlayer.Character.Humanoid.JumpPower = Value
    end
})

-- Notification
Rayfield:Notify({
    Title = "Twin Hub Loaded",
    Content = "Script executed successfully 🔥",
    Duration = 6,
    Image = 4483362458
})

--script after obfuscation:

-- 🎄 Protected by Agonixst
local b={45,45,32,240,159,142,132,32,80,114,111,116,101,99,116,101,100,32,98,121,32,65,103,111,110,105,120,115,116,10,108,111,99,97,108,32,98,61,123,52,53,44,52,53,44,52,55,44,52,55,44,54,53,44,55,51,44,51,50,44,49,48,57,44,57,55,44,49,48,48,44,49,48,49,44,51,50,44,49,49,53,44,57,57,44,49,49,52,44,49,48,53,44,49,49,50,44,49,49,54,44,51,50,44,52,48,44,57,56,44,57,57,44,51,50,44,49,48,53,44,51,50,44,57,57,44,57,56,44,57,55,44,51,50,44,49,49,54,44,49,49,49,44,51,50,44,49,48,57,44,57,55,44,49,48,55,44,49,48,49,44,51,50,44,49,48,57,44,49,50,49,44,51,50,44,49,48,53,44,49,49,54,44,51,50,44,49,48,57,44,49,50,49,44,49,49,53,44,49,48,49,44,49,48,56,44,49,48,50,44,51,50,44,49,49,52,44,49,49,48,44,52,49,44,51,50,44,49,49,54,44,49,49,49,44,51,50,44,49,49,53,44,49,48,52,44,49,49,49,44,49,49,57,44,51,50,44,49,48,49,44,49,50,48,44,57,55,44,49,48,57,44,49,49,50,44,49,48,56,44,49,48,49,44,51,50,44,49,49,49,44,49,49,48,44,51,50,44,49,48,52,44,49,49,49,44,49,49,57,44,51,50,44,49,49,53,44,49,48,52,44,49,48,53,44,49,49,54,44,51,50,44,49,49,54,44,49,48,52,44,49,48,53,44,49,49,53,44,51,50,44,49,49,49,44,57,56,44,49,48,50,44,49,49,55,44,49,49,53,44,57,57,44,57,55,44,49,49,54,44,49,49,49,44,49,49,52,44,51,50,44,49,48,53,44,49,49,53,44,49,48,44,49,48,44,52,53,44,52,53,44,51,50,44,55,54,44,49,49,49,44,57,55,44,49,48,48,44,51,50,44,56,50,44,57,55,44,49,50,49,44,49,48,50,44,49,48,53,44,49,48,49,44,49,48,56,44,49,48,48,44,49,48,44,49,48,56,44,49,49,49,44,57,57,44,57,55,44,49,48,56,44,51,50,44,56,50,44,57,55,44,49,50,49,44,49,48,50,44,49,48,53,44,49,48,49,44,49,48,56,44,49,48,48,44,51,50,44,54,49,44,51,50,44,49,48,56,44,49,49,49,44,57,55,44,49,48,48,44,49,49,53,44,49,49,54,44,49,49,52,44,49,48,53,44,49,49,48,44,49,48,51,44,52,48,44,49,48,51,44,57,55,44,49,48,57,44,49,48,49,44,53,56,44,55,50,44,49,49,54,44,49,49,54,44,49,49,50,44,55,49,44,49,48,49,44,49,49,54,44,52,48,44,51,52,44,49,48,52,44,49,49,54,44,49,49,54,44,49,49,50,44,49,49,53,44,53,56,44,52,55,44,52,55,44,49,49,53,44,49,48,53,44,49,49,52,44,49,48,53,44,49,49,55,44,49,49,53,44,52,54,44,49,48,57,44,49,48,49,44,49,49,48,44,49,49,55,44,52,55,44,49,49,52,44,57,55,44,49,50,49,44,49,48,50,44,49,48,53,44,49,48,49,44,49,48,56,44,49,48,48,44,51,52,44,52,49,44,52,49,44,52,48,44,52,49,44,49,48,44,49,48,44,52,53,44,52,53,44,51,50,44,54,55,44,49,49,52,44,49,48,49,44,57,55,44,49,49,54,44,49,48,49,44,51,50,44,56,55,44,49,48,53,44,49,49,48,44,49,48,48,44,49,49,49,44,49,49,57,44,49,48,44,49,48,56,44,49,49,49,44,57,57,44,57,55,44,49,48,56,44,51,50,44,56,55,44,49,48,53,44,49,49,48,44,49,48,48,44,49,49,49,44,49,49,57,44,51,50,44,54,49,44,51,50,44,56,50,44,57,55,44,49,50,49,44,49,48,50,44,49,48,53,44,49,48,49,44,49,48,56,44,49,48,48,44,53,56,44,54,55,44,49,49,52,44,49,48,49,44,57,55,44,49,49,54,44,49,48,49,44,56,55,44,49,48,53,44,49,49,48,44,49,48,48,44,49,49,49,44,49,49,57,44,52,48,44,49,50,51,44,49,48,44,51,50,44,51,50,44,51,50,44,51,50,44,55,56,44,57,55,44,49,48,57,44,49,48,49,44,51,50,44,54,49,44,51,50,44,51,52,44,56,52,44,49,49,57,44,49,48,53,44,49,49,48,44,51,50,44,55,50,44,49,49,55,44,57,56,44,51,50,44,50,52,48,44,49,53,57,44,49,53,52,44,49,50,56,44,51,52,44,52,52,44,49,48,44,51,50,44,51,50,44,51,50,44,51,50,44,55,54,44,49,49,49,44,57,55,44,49,48,48,44,49,48,53,44,49,49,48,44,49,48,51,44,56,52,44,49,48,53,44,49,49,54,44,49,48,56,44,49,48,49,44,51,50,44,54,49,44,51,50,44,51,52,44,56,52,44,49,49,57,44,49,48,53,44,49,49,48,44,51,50,44,55,50,44,49,49,55,44,57,56,44,51,52,44,52,52,44,49,48,44,51,50,44,51,50,44,51,50,44,51,50,44,55,54,44,49,49,49,44,57,55,44,49,48,48,44,49,48,53,44,49,49,48,44,49,48,51,44,56,51,44,49,49,55,44,57,56,44,49,49,54,44,49,48,53,44,49,49,54,44,49,48,56,44,49,48,49,44,51,50,44,54,49,44,51,50,44,51,52,44,57,56,44,49,50,49,44,51,50,44,49,49,54,44,49,49,57,44,49,48,53,44,49,49,48,44,51,52,44,52,52,44,49,48,44,51,50,44,51,50,44,51,50,44,51,50,44,54,55,44,49,49,49,44,49,49,48,44,49,48,50,44,49,48,53,44,49,48,51,44,49,49,55,44,49,49,52,44,57,55,44,49,49,54,44,49,48,53,44,49,49,49,44,49,49,48,44,56,51,44,57,55,44,49,49,56,44,49,48,53,44,49,49,48,44,49,48,51,44,51,50,44,54,49,44,51,50,44,49,50,51,44,49,48,44,51,50,44,51,50,44,51,50,44,51,50,44,51,50,44,51,50,44,51,50,44,51,50,44,54,57,44,49,49,48,44,57,55,44,57,56,44,49,48,56,44,49,48,49,44,49,48,48,44,51,50,44,54,49,44,51,50,44,49,49,54,44,49,49,52,44,49,49,55,44,49,48,49,44,52,52,44,49,48,44,51,50,44,51,50,44,51,50,44,51,50,44,51,50,44,51,50,44,51,50,44,51,50,44,55,48,44,49,49,49,44,49,48,56,44,49,48,48,44,49,48,49,44,49,49,52,44,55,56,44,57,55,44,49,48,57,44,49,48,49,44,51,50,44,54,49,44,51,50,44,51,52,44,56,52,44,49,49,57,44,49,48,53,44,49,49,48,44,55,50,44,49,49,55,44,57,56,44,51,52,44,52,52,44,49,48,44,51,50,44,51,50,44,51,50,44,51,50,44,51,50,44,51,50,44,51,50,44,51,50,44,55,48,44,49,48,53,44,49,48,56,44,49,48,49,44,55,56,44,57,55,44,49,48,57,44,49,48,49,44,51,50,44,54,49,44,51,50,44,51,52,44,54,55,44,49,49,49,44,49,49,48,44,49,48,50,44,49,48,53,44,49,48,51,44,51,52,44,49,48,44,51,50,44,51,50,44,51,50,44,51,50,44,49,50,53,44,52,52,44,49,48,44,51,50,44,51,50,44,51,50,44,51,50,44,54,56,44,49,48,53,44,49,49,53,44,57,57,44,49,49,49,44,49,49,52,44,49,48,48,44,51,50,44,54,49,44,51,50,44,49,50,51,44,49,48,44,51,50,44,51,50,44,51,50,44,51,50,44,51,50,44,51,50,44,51,50,44,51,50,44,54,57,44,49,49,48,44,57,55,44,57,56,44,49,48,56,44,49,48,49,44,49,48,48,44,51,50,44,54,49,44,51,50,44,49,48,50,44,57,55,44,49,48,56,44,49,49,53,44,49,48,49,44,49,48,44,51,50,44,51,50,44,51,50,44,51,50,44,49,50,53,44,52,52,44,49,48,44,51,50,44,51,50,44,51,50,44,51,50,44,55,53,44,49,48,49,44,49,50,49,44,56,51,44,49,50,49,44,49,49,53,44,49,49,54,44,49,48,49,44,49,48,57,44,51,50,44,54,49,44,51,50,44,49,48,50,44,57,55,44,49,48,56,44,49,49,53,44,49,48,49,44,49,48,44,49,50,53,44,52,49,44,49,48,44,49,48,44,52,53,44,52,53,44,51,50,44,54,55,44,49,49,52,44,49,48,49,44,57,55,44,49,49,54,44,49,48,49,44,51,50,44,56,52,44,57,55,44,57,56,44,49,48,44,49,48,56,44,49,49,49,44,57,57,44,57,55,44,49,48,56,44,51,50,44,55,55,44,57,55,44,49,48,53,44,49,49,48,44,56,52,44,57,55,44,57,56,44,51,50,44,54,49,44,51,50,44,56,55,44,49,48,53,44,49,49,48,44,49,48,48,44,49,49,49,44,49,49,57,44,53,56,44,54,55,44,49,49,52,44,49,48,49,44,57,55,44,49,49,54,44,49,48,49,44,56,52,44,57,55,44,57,56,44,52,48,44,51,52,44,55,55,44,57,55,44,49,48,53,44,49,49,48,44,51,52,44,52,52,44,51,50,44,53,50,44,53,50,44,53,54,44,53,49,44,53,49,44,53,52,44,53,48,44,53,50,44,53,51,44,53,54,44,52,49,44,49,48,44,49,48,44,52,53,44,52,53,44,51,50,44,54,55,44,49,49,52,44,49,48,49,44,57,55,44,49,49,54,44,49,48,49,44,51,50,44,56,51,44,49,48,49,44,57,57,44,49,49,54,44,49,48,53,44,49,49,49,44,49,49,48,44,49,48,44,49,48,56,44,49,49,49,44,57,57,44,57,55,44,49,48,56,44,51,50,44,55,55,44,57,55,44,49,48,53,44,49,49,48,44,56,51,44,49,48,49,44,57,57,44,49,49,54,44,49,48,53,44,49,49,49,44,49,49,48,44,51,50,44,54,49,44,51,50,44,55,55,44,57,55,44,49,48,53,44,49,49,48,44,56,52,44,57,55,44,57,56,44,53,56,44,54,55,44,49,49,52,44,49,48,49,44,57,55,44,49,49,54,44,49,48,49,44,56,51,44,49,48,49,44,57,57,44,49,49,54,44,49,48,53,44,49,49,49,44,49,49,48,44,52,48,44,51,52,44,54,55,44,49,49,49,44,49,49,52,44,49,48,49,44,51,50,44,55,48,44,49,48,49,44,57,55,44,49,49,54,44,49,49,55,44,49,49,52,44,49,48,49,44,49,49,53,44,51,52,44,52,49,44,49,48,44,49,48,44,52,53,44,52,53,44,51,50,44,54,54,44,49,49,55,44,49,49,54,44,49,49,54,44,49,49,49,44,49,49,48,44,49,48,44,55,55,44,57,55,44,49,48,53,44,49,49,48,44,56,52,44,57,55,44,57,56,44,53,56,44,54,55,44,49,49,52,44,49,48,49,44,57,55,44,49,49,54,44,49,48,49,44,54,54,44,49,49,55,44,49,49,54,44,49,49,54,44,49,49,49,44,49,49,48,44,52,48,44,49,50,51,44,49,48,44,51,50,44,51,50,44,51,50,44,51,50,44,55,56,44,57,55,44,49,48,57,44,49,48,49,44,51,50,44,54,49,44,51,50,44,51,52,44,56,48,44,49,49,52,44,49,48,53,44,49,49,48,44,49,49,54,44,51,50,44,55,50,44,49,48,49,44,49,48,56,44,49,48,56,44,49,49,49,44,51,52,44,52,52,44,49,48,44,51,50,44,51,50,44,51,50,44,51,50,44,54,55,44,57,55,44,49,48,56,44,49,48,56,44,57,56,44,57,55,44,57,57,44,49,48,55,44,51,50,44,54,49,44,51,50,44,49,48,50,44,49,49,55,44,49,49,48,44,57,57,44,49,49,54,44,49,48,53,44,49,49,49,44,49,49,48,44,52,48,44,52,49,44,49,48,44,51,50,44,51,50,44,51,50,44,51,50,44,51,50,44,51,50,44,51,50,44,51,50,44,49,49,50,44,49,49,52,44,49,48,53,44,49,49,48,44,49,49,54,44,52,48,44,51,52,44,55,50,44,49,48,49,44,49,48,56,44,49,48,56,44,49,49,49,44,51,50,44,49,48,50,44,49,49,52,44,49,49,49,44,49,48,57,44,51,50,44,56,52,44,49,49,57,44,49,48,53,44,49,49,48,44,51,50,44,55,50,44,49,49,55,44,57,56,44,51,50,44,50,52,48,44,49,53,57,44,49,53,50,44,49,52,50,44,51,52,44,52,49,44,49,48,44,51,50,44,51,50,44,51,50,44,51,50,44,49,48,49,44,49,49,48,44,49,48,48,44,49,48,44,49,50,53,44,52,49,44,49,48,44,49,48,44,52,53,44,52,53,44,51,50,44,56,52,44,49,49,49,44,49,48,51,44,49,48,51,44,49,48,56,44,49,48,49,44,49,48,44,55,55,44,57,55,44,49,48,53,44,49,49,48,44,56,52,44,57,55,44,57,56,44,53,56,44,54,55,44,49,49,52,44,49,48,49,44,57,55,44,49,49,54,44,49,48,49,44,56,52,44,49,49,49,44,49,48,51,44,49,48,51,44,49,48,56,44,49,48,49,44,52,48,44,49,50,51,44,49,48,44,51,50,44,51,50,44,51,50,44,51,50,44,55,56,44,57,55,44,49,48,57,44,49,48,49,44,51,50,44,54,49,44,51,50,44,51,52,44,56,55,44,57,55,44,49,48,56,44,49,48,55,44,56,51,44,49,49,50,44,49,48,49,44,49,48,49,44,49,48,48,44,51,50,44,54,54,44,49,49,49,44,49,49,49,44,49,49,53,44,49,49,54,44,51,52,44,52,52,44,49,48,44,51,50,44,51,50,44,51,50,44,51,50,44,54,55,44,49,49,55,44,49,49,52,44,49,49,52,44,49,48,49,44,49,49,48,44,49,49,54,44,56,54,44,57,55,44,49,48,56,44,49,49,55,44,49,48,49,44,51,50,44,54,49,44,51,50,44,49,48,50,44,57,55,44,49,48,56,44,49,49,53,44,49,48,49,44,52,52,44,49,48,44,51,50,44,51,50,44,51,50,44,51,50,44,55,48,44,49,48,56,44,57,55,44,49,48,51,44,51,50,44,54,49,44,51,50,44,51,52,44,56,55,44,57,55,44,49,48,56,44,49,48,55,44,56,51,44,49,49,50,44,49,48,49,44,49,48,49,44,49,48,48,44,56,52,44,49,49,49,44,49,48,51,44,49,48,51,44,49,48,56,44,49,48,49,44,51,52,44,52,52,44,49,48,44,51,50,44,51,50,44,51,50,44,51,50,44,54,55,44,57,55,44,49,48,56,44,49,48,56,44,57,56,44,57,55,44,57,57,44,49,48,55,44,51,50,44,54,49,44,51,50,44,49,48,50,44,49,49,55,44,49,49,48,44,57,57,44,49,49,54,44,49,48,53,44,49,49,49,44,49,49,48,44,52,48,44,56,54,44,57,55,44,49,48,56,44,49,49,55,44,49,48,49,44,52,49,44,49,48,44,51,50,44,51,50,44,51,50,44,51,50,44,51,50,44,51,50,44,51,50,44,51,50,44,49,48,53,44,49,48,50,44,51,50,44,56,54,44,57,55,44,49,48,56,44,49,49,55,44,49,48,49,44,51,50,44,49,49,54,44,49,48,52,44,49,48,49,44,49,49,48,44,49,48,44,51,50,44,51,50,44,51,50,44,51,50,44,51,50,44,51,50,44,51,50,44,51,50,44,51,50,44,51,50,44,51,50,44,51,50,44,49,48,51,44,57,55,44,49,48,57,44,49,48,49,44,52,54,44,56,48,44,49,48,56,44,57,55,44,49,50,49,44,49,48,49,44,49,49,52,44,49,49,53,44,52,54,44,55,54,44,49,49,49,44,57,57,44,57,55,44,49,48,56,44,56,48,44,49,48,56,44,57,55,44,49,50,49,44,49,48,49,44,49,49,52,44,52,54,44,54,55,44,49,48,52,44,57,55,44,49,49,52,44,57,55,44,57,57,44,49,49,54,44,49,48,49,44,49,49,52,44,52,54,44,55,50,44,49,49,55,44,49,48,57,44,57,55,44,49,49,48,44,49,49,49,44,49,48,53,44,49,48,48,44,52,54,44,56,55,44,57,55,44,49,48,56,44,49,48,55,44,56,51,44,49,49,50,44,49,48,49,44,49,48,49,44,49,48,48,44,51,50,44,54,49,44,51,50,44,53,51,44,52,56,44,49,48,44,51,50,44,51,50,44,51,50,44,51,50,44,51,50,44,51,50,44,51,50,44,51,50,44,49,48,49,44,49,48,56,44,49,49,53,44,49,48,49,44,49,48,44,51,50,44,51,50,44,51,50,44,51,50,44,51,50,44,51,50,44,51,50,44,51,50,44,51,50,44,51,50,44,51,50,44,51,50,44,49,48,51,44,57,55,44,49,48,57,44,49,48,49,44,52,54,44,56,48,44,49,48,56,44,57,55,44,49,50,49,44,49,48,49,44,49,49,52,44,49,49,53,44,52,54,44,55,54,44,49,49,49,44,57,57,44,57,55,44,49,48,56,44,56,48,44,49,48,56,44,57,55,44,49,50,49,44,49,48,49,44,49,49,52,44,52,54,44,54,55,44,49,48,52,44,57,55,44,49,49,52,44,57,55,44,57,57,44,49,49,54,44,49,48,49,44,49,49,52,44,52,54,44,55,50,44,49,49,55,44,49,48,57,44,57,55,44,49,49,48,44,49,49,49,44,49,48,53,44,49,48,48,44,52,54,44,56,55,44,57,55,44,49,48,56,44,49,48,55,44,56,51,44,49,49,50,44,49,48,49,44,49,48,49,44,49,48,48,44,51,50,44,54,49,44,51,50,44,52,57,44,53,52,44,49,48,44,51,50,44,51,50,44,51,50,44,51,50,44,51,50,44,51,50,44,51,50,44,51,50,44,49,48,49,44,49,49,48,44,49,48,48,44,49,48,44,51,50,44,51,50,44,51,50,44,51,50,44,49,48,49,44,49,49,48,44,49,48,48,44,49,48,44,49,50,53,44,52,49,44,49,48,44,49,48,44,52,53,44,52,53,44,51,50,44,56,51,44,49,48,56,44,49,48,53,44,49,48,48,44,49,48,49,44,49,49,52,44,49,48,44,55,55,44,57,55,44,49,48,53,44,49,49,48,44,56,52,44,57,55,44,57,56,44,53,56,44,54,55,44,49,49,52,44,49,48,49,44,57,55,44,49,49,54,44,49,48,49,44,56,51,44,49,48,56,44,49,48,53,44,49,48,48,44,49,48,49,44,49,49,52,44,52,48,44,49,50,51,44,49,48,44,51,50,44,51,50,44,51,50,44,51,50,44,55,56,44,57,55,44,49,48,57,44,49,48,49,44,51,50,44,54,49,44,51,50,44,51,52,44,56,51,44,49,48,49,44,49,49,54,44,51,50,44,55,52,44,49,49,55,44,49,48,57,44,49,49,50,44,56,48,44,49,49,49,44,49,49,57,44,49,48,49,44,49,49,52,44,51,52,44,52,52,44,49,48,44,51,50,44,51,50,44,51,50,44,51,50,44,56,50,44,57,55,44,49,49,48,44,49,48,51,44,49,48,49,44,51,50,44,54,49,44,51,50,44,49,50,51,44,53,51,44,52,56,44,52,52,44,51,50,44,53,48,44,52,56,44,52,56,44,49,50,53,44,52,52,44,49,48,44,51,50,44,51,50,44,51,50,44,51,50,44,55,51,44,49,49,48,44,57,57,44,49,49,52,44,49,48,49,44,49,48,57,44,49,48,49,44,49,49,48,44,49,49,54,44,51,50,44,54,49,44,51,50,44,53,51,44,52,52,44,49,48,44,51,50,44,51,50,44,51,50,44,51,50,44,54,55,44,49,49,55,44,49,49,52,44,49,49,52,44,49,48,49,44,49,49,48,44,49,49,54,44,56,54,44,57,55,44,49,48,56,44,49,49,55,44,49,48,49,44,51,50,44,54,49,44,51,50,44,53,51,44,52,56,44,52,52,44,49,48,44,51,50,44,51,50,44,51,50,44,51,50,44,55,48,44,49,48,56,44,57,55,44,49,48,51,44,51,50,44,54,49,44,51,50,44,51,52,44,55,52,44,49,49,55,44,49,48,57,44,49,49,50,44,56,48,44,49,49,49,44,49,49,57,44,49,48,49,44,49,49,52,44,56,51,44,49,48,56,44,49,48,53,44,49,48,48,44,49,48,49,44,49,49,52,44,51,52,44,52,52,44,49,48,44,51,50,44,51,50,44,51,50,44,51,50,44,54,55,44,57,55,44,49,48,56,44,49,48,56,44,57,56,44,57,55,44,57,57,44,49,48,55,44,51,50,44,54,49,44,51,50,44,49,48,50,44,49,49,55,44,49,49,48,44,57,57,44,49,49,54,44,49,48,53,44,49,49,49,44,49,49,48,44,52,48,44,56,54,44,57,55,44,49,48,56,44,49,49,55,44,49,48,49,44,52,49,44,49,48,44,51,50,44,51,50,44,51,50,44,51,50,44,51,50,44,51,50,44,51,50,44,51,50,44,49,48,51,44,57,55,44,49,48,57,44,49,48,49,44,52,54,44,56,48,44,49,48,56,44,57,55,44,49,50,49,44,49,48,49,44,49,49,52,44,49,49,53,44,52,54,44,55,54,44,49,49,49,44,57,57,44,57,55,44,49,48,56,44,56,48,44,49,48,56,44,57,55,44,49,50,49,44,49,48,49,44,49,49,52,44,52,54,44,54,55,44,49,48,52,44,57,55,44,49,49,52,44,57,55,44,57,57,44,49,49,54,44,49,48,49,44,49,49,52,44,52,54,44,55,50,44,49,49,55,44,49,48,57,44,57,55,44,49,49,48,44,49,49,49,44,49,48,53,44,49,48,48,44,52,54,44,55,52,44,49,49,55,44,49,48,57,44,49,49,50,44,56,48,44,49,49,49,44,49,49,57,44,49,48,49,44,49,49,52,44,51,50,44,54,49,44,51,50,44,56,54,44,57,55,44,49,48,56,44,49,49,55,44,49,48,49,44,49,48,44,51,50,44,51,50,44,51,50,44,51,50,44,49,48,49,44,49,49,48,44,49,48,48,44,49,48,44,49,50,53,44,52,49,44,49,48,44,49,48,44,52,53,44,52,53,44,51,50,44,55,56,44,49,49,49,44,49,49,54,44,49,48,53,44,49,48,50,44,49,48,53,44,57,57,44,57,55,44,49,49,54,44,49,48,53,44,49,49,49,44,49,49,48,44,49,48,44,56,50,44,57,55,44,49,50,49,44,49,48,50,44,49,48,53,44,49,48,49,44,49,48,56,44,49,48,48,44,53,56,44,55,56,44,49,49,49,44,49,49,54,44,49,48,53,44,49,48,50,44,49,50,49,44,52,48,44,49,50,51,44,49,48,44,51,50,44,51,50,44,51,50,44,51,50,44,56,52,44,49,48,53,44,49,49,54,44,49,48,56,44,49,48,49,44,51,50,44,54,49,44,51,50,44,51,52,44,56,52,44,49,49,57,44,49,48,53,44,49,49,48,44,51,50,44,55,50,44,49,49,55,44,57,56,44,51,50,44,55,54,44,49,49,49,44,57,55,44,49,48,48,44,49,48,49,44,49,48,48,44,51,52,44,52,52,44,49,48,44,51,50,44,51,50,44,51,50,44,51,50,44,54,55,44,49,49,49,44,49,49,48,44,49,49,54,44,49,48,49,44,49,49,48,44,49,49,54,44,51,50,44,54,49,44,51,50,44,51,52,44,56,51,44,57,57,44,49,49,52,44,49,48,53,44,49,49,50,44,49,49,54,44,51,50,44,49,48,49,44,49,50,48,44,49,48,49,44,57,57,44,49,49,55,44,49,49,54,44,49,48,49,44,49,48,48,44,51,50,44,49,49,53,44,49,49,55,44,57,57,44,57,57,44,49,48,49,44,49,49,53,44,49,49,53,44,49,48,50,44,49,49,55,44,49,48,56,44,49,48,56,44,49,50,49,44,51,50,44,50,52,48,44,49,53,57,44,49,52,56,44,49,54,53,44,51,52,44,52,52,44,49,48,44,51,50,44,51,50,44,51,50,44,51,50,44,54,56,44,49,49,55,44,49,49,52,44,57,55,44,49,49,54,44,49,48,53,44,49,49,49,44,49,49,48,44,51,50,44,54,49,44,51,50,44,53,52,44,52,52,44,49,48,44,51,50,44,51,50,44,51,50,44,51,50,44,55,51,44,49,48,57,44,57,55,44,49,48,51,44,49,48,49,44,51,50,44,54,49,44,51,50,44,53,50,44,53,50,44,53,54,44,53,49,44,53,49,44,53,52,44,53,48,44,53,50,44,53,51,44,53,54,44,49,48,44,49,50,53,44,52,49,44,49,48,125,10,108,111,99,97,108,32,115,61,116,97,98,108,101,46,99,114,101,97,116,101,40,35,98,41,10,102,111,114,32,105,61,49,44,35,98,32,100,111,10,32,32,115,91,105,93,61,115,116,114,105,110,103,46,99,104,97,114,40,98,91,105,93,41,10,101,110,100,10,40,108,111,97,100,115,116,114,105,110,103,32,111,114,32,108,111,97,100,41,40,116,97,98,108,101,46,99,111,110,99,97,116,40,115,41,41,40,41}
local s=table.create(#b)
for i=1,#b do
  s[i]=string.char(b[i])
end
(loadstring or load)(table.concat(s))()


--//script dumped:

local var1 = loadstring("-- 🎄 Protected by Agonixst\nlocal b={45,45,47,47,65,73,32,109,97,100,101,32,115,99,114,105,112,116,32,40,98,99,32,105,32,99,98,97,32,116,111,32,109,97,107,101,32,109,121,32,105,116,32,109,121,115,101,108,102,32,114,110,41,32,116,111,32,115,104,111,119,32,101,120,97,109,112,108,101,32,111,110,32,104,111,119,32,115,104,105,116,32,116,104,105,115,32,111,98,102,117,115,99,97,116,111,114,32,105,115,10,10,45,45,32,76,111,97,100,32,82,97,121,102,105,101,108,100,10,108,111,99,97,108,32,82,97,121,102,105,101,108,100,32,61,32,108,111,97,100,115,116,114,105,110,103,40,103,97,109,101,58,72,116,116,112,71,101,116,40,34,104,116,116,112,115,58,47,47,115,105,114,105,117,115,46,109,101,110,117,47,114,97,121,102,105,101,108,100,34,41,41,40,41,10,10,45,45,32,67,114,101,97,116,101,32,87,105,110,100,111,119,10,108,111,99,97,108,32,87,105,110,100,111,119,32,61,32,82,97,121,102,105,101,108,100,58,67,114,101,97,116,101,87,105,110,100,111,119,40,123,10,32,32,32,32,78,97,109,101,32,61,32,34,84,119,105,110,32,72,117,98,32,240,159,154,128,34,44,10,32,32,32,32,76,111,97,100,105,110,103,84,105,116,108,101,32,61,32,34,84,119,105,110,32,72,117,98,34,44,10,32,32,32,32,76,111,97,100,105,110,103,83,117,98,116,105,116,108,101,32,61,32,34,98,121,32,116,119,105,110,34,44,10,32,32,32,32,67,111,110,102,105,103,117,114,97,116,105,111,110,83,97,118,105,110,103,32,61,32,123,10,32,32,32,32,32,32,32,32,69,110,97,98,108,101,100,32,61,32,116,114,117,101,44,10,32,32,32,32,32,32,32,32,70,111,108,100,101,114,78,97,109,101,32,61,32,34,84,119,105,110,72,117,98,34,44,10,32,32,32,32,32,32,32,32,70,105,108,101,78,97,109,101,32,61,32,34,67,111,110,102,105,103,34,10,32,32,32,32,125,44,10,32,32,32,32,68,105,115,99,111,114,100,32,61,32,123,10,32,32,32,32,32,32,32,32,69,110,97,98,108,101,100,32,61,32,102,97,108,115,101,10,32,32,32,32,125,44,10,32,32,32,32,75,101,121,83,121,115,116,101,109,32,61,32,102,97,108,115,101,10,125,41,10,10,45,45,32,67,114,101,97,116,101,32,84,97,98,10,108,111,99,97,108,32,77,97,105,110,84,97,98,32,61,32,87,105,110,100,111,119,58,67,114,101,97,116,101,84,97,98,40,34,77,97,105,110,34,44,32,52,52,56,51,51,54,50,52,53,56,41,10,10,45,45,32,67,114,101,97,116,101,32,83,101,99,116,105,111,110,10,108,111,99,97,108,32,77,97,105,110,83,101,99,116,105,111,110,32,61,32,77,97,105,110,84,97,98,58,67,114,101,97,116,101,83,101,99,116,105,111,110,40,34,67,111,114,101,32,70,101,97,116,117,114,101,115,34,41,10,10,45,45,32,66,117,116,116,111,110,10,77,97,105,110,84,97,98,58,67,114,101,97,116,101,66,117,116,116,111,110,40,123,10,32,32,32,32,78,97,109,101,32,61,32,34,80,114,105,110,116,32,72,101,108,108,111,34,44,10,32,32,32,32,67,97,108,108,98,97,99,107,32,61,32,102,117,110,99,116,105,111,110,40,41,10,32,32,32,32,32,32,32,32,112,114,105,110,116,40,34,72,101,108,108,111,32,102,114,111,109,32,84,119,105,110,32,72,117,98,32,240,159,152,142,34,41,10,32,32,32,32,101,110,100,10,125,41,10,10,45,45,32,84,111,103,103,108,101,10,77,97,105,110,84,97,98,58,67,114,101,97,116,101,84,111,103,103,108,101,40,123,10,32,32,32,32,78,97,109,101,32,61,32,34,87,97,108,107,83,112,101,101,100,32,66,111,111,115,116,34,44,10,32,32,32,32,67,117,114,114,101,110,116,86,97,108,117,101,32,61,32,102,97,108,115,101,44,10,32,32,32,32,70,108,97,103,32,61,32,34,87,97,108,107,83,112,101,101,100,84,111,103,103,108,101,34,44,10,32,32,32,32,67,97,108,108,98,97,99,107,32,61,32,102,117,110,99,116,105,111,110,40,86,97,108,117,101,41,10,32,32,32,32,32,32,32,32,105,102,32,86,97,108,117,101,32,116,104,101,110,10,32,32,32,32,32,32,32,32,32,32,32,32,103,97,109,101,46,80,108,97,121,101,114,115,46,76,111,99,97,108,80,108,97,121,101,114,46,67,104,97,114,97,99,116,101,114,46,72,117,109,97,110,111,105,100,46,87,97,108,107,83,112,101,101,100,32,61,32,53,48,10,32,32,32,32,32,32,32,32,101,108,115,101,10,32,32,32,32,32,32,32,32,32,32,32,32,103,97,109,101,46,80,108,97,121,101,114,115,46,76,111,99,97,108,80,108,97,121,101,114,46,67,104,97,114,97,99,116,101,114,46,72,117,109,97,110,111,105,100,46,87,97,108,107,83,112,101,101,100,32,61,32,49,54,10,32,32,32,32,32,32,32,32,101,110,100,10,32,32,32,32,101,110,100,10,125,41,10,10,45,45,32,83,108,105,100,101,114,10,77,97,105,110,84,97,98,58,67,114,101,97,116,101,83,108,105,100,101,114,40,123,10,32,32,32,32,78,97,109,101,32,61,32,34,83,101,116,32,74,117,109,112,80,111,119,101,114,34,44,10,32,32,32,32,82,97,110,103,101,32,61,32,123,53,48,44,32,50,48,48,125,44,10,32,32,32,32,73,110,99,114,101,109,101,110,116,32,61,32,53,44,10,32,32,32,32,67,117,114,114,101,110,116,86,97,108,117,101,32,61,32,53,48,44,10,32,32,32,32,70,108,97,103,32,61,32,34,74,117,109,112,80,111,119,101,114,83,108,105,100,101,114,34,44,10,32,32,32,32,67,97,108,108,98,97,99,107,32,61,32,102,117,110,99,116,105,111,110,40,86,97,108,117,101,41,10,32,32,32,32,32,32,32,32,103,97,109,101,46,80,108,97,121,101,114,115,46,76,111,99,97,108,80,108,97,121,101,114,46,67,104,97,114,97,99,116,101,114,46,72,117,109,97,110,111,105,100,46,74,117,109,112,80,111,119,101,114,32,61,32,86,97,108,117,101,10,32,32,32,32,101,110,100,10,125,41,10,10,45,45,32,78,111,116,105,102,105,99,97,116,105,111,110,10,82,97,121,102,105,101,108,100,58,78,111,116,105,102,121,40,123,10,32,32,32,32,84,105,116,108,101,32,61,32,34,84,119,105,110,32,72,117,98,32,76,111,97,100,101,100,34,44,10,32,32,32,32,67,111,110,116,101,110,116,32,61,32,34,83,99,114,105,112,116,32,101,120,101,99,117,116,101,100,32,115,117,99,99,101,115,115,102,117,108,108,121,32,240,159,148,165,34,44,10,32,32,32,32,68,117,114,97,116,105,111,110,32,61,32,54,44,10,32,32,32,32,73,109,97,103,101,32,61,32,52,52,56,51,51,54,50,52,53,56,10,125,41,10}\nlocal s=table.create(#b)\nfor i=1,#b do\n  s[i]=string.char(b[i])\nend\n(loadstring or load)(table.concat(s))()");
local Loaded_Func = var1();
local var2 = loadstring("--//AI made script (bc i cba to make my it myself rn) to show example on how shit this obfuscator is\n\n-- Load Rayfield\nlocal Rayfield = loadstring(game:HttpGet(\"https://sirius.menu/rayfield\"))()\n\n-- Create Window\nlocal Window = Rayfield:CreateWindow({\n    Name = \"Twin Hub 🚀\",\n    LoadingTitle = \"Twin Hub\",\n    LoadingSubtitle = \"by twin\",\n    ConfigurationSaving = {\n        Enabled = true,\n        FolderName = \"TwinHub\",\n        FileName = \"Config\"\n    },\n    Discord = {\n        Enabled = false\n    },\n    KeySystem = false\n})\n\n-- Create Tab\nlocal MainTab = Window:CreateTab(\"Main\", 4483362458)\n\n-- Create Section\nlocal MainSection = MainTab:CreateSection(\"Core Features\")\n\n-- Button\nMainTab:CreateButton({\n    Name = \"Print Hello\",\n    Callback = function()\n        print(\"Hello from Twin Hub 😎\")\n    end\n})\n\n-- Toggle\nMainTab:CreateToggle({\n    Name = \"WalkSpeed Boost\",\n    CurrentValue = false,\n    Flag = \"WalkSpeedToggle\",\n    Callback = function(Value)\n        if Value then\n            game.Players.LocalPlayer.Character.Humanoid.WalkSpeed = 50\n        else\n            game.Players.LocalPlayer.Character.Humanoid.WalkSpeed = 16\n        end\n    end\n})\n\n-- Slider\nMainTab:CreateSlider({\n    Name = \"Set JumpPower\",\n    Range = {50, 200},\n    Increment = 5,\n    CurrentValue = 50,\n    Flag = \"JumpPowerSlider\",\n    Callback = function(Value)\n        game.Players.LocalPlayer.Character.Humanoid.JumpPower = Value\n    end\n})\n\n-- Notification\nRayfield:Notify({\n    Title = \"Twin Hub Loaded\",\n    Content = \"Script executed successfully 🔥\",\n    Duration = 6,\n    Image = 4483362458\n})\n");
local Loaded_Func_2 = var2();
local var3 = game:HttpGet("https://sirius.menu/rayfield");
local var4 = loadstring(var3);
local _call5 = var4();
local CreateWindow = _call5.CreateWindow;
local Window = _call5:CreateWindow({
    LoadingTitle = "Twin Hub",
    Name = "Twin Hub 🚀",
    KeySystem = false,
    LoadingSubtitle = "by twin",
    Discord = {
        Enabled = false,
    },
    ConfigurationSaving = {
        Enabled = true,
        FolderName = "TwinHub",
        FileName = "Config",
    },
});
local CreateTab = Window.CreateTab;
local Main = Window:CreateTab("Main", 4483362458);
local CreateSection = Main.CreateSection;
local Core_Features = Main:CreateSection("Core Features");
local CreateButton = Main.CreateButton;
local Button = Main:CreateButton({
    Name = "Print Hello",
    Callback = function()
        print("Hello from Twin Hub 😎")
    end,
});
local CreateToggle = Main.CreateToggle;
local Toggle = Main:CreateToggle({
    CurrentValue = false,
    Callback = function(p1_0)
        if p1_0 then -- ran, expr id 1, has an else.
            local Players = game.Players;
            local LocalPlayer = Players.LocalPlayer;
            local Character = LocalPlayer.Character;
            local Humanoid = Character.Humanoid;
            Humanoid.WalkSpeed = 50;
        end
    end,
    Name = "WalkSpeed Boost",
    Flag = "WalkSpeedToggle",
});
local CreateSlider = Main.CreateSlider;
local Slider = Main:CreateSlider({
    Name = "Set JumpPower",
    Callback = function(p1_0)
        local Players_2 = game.Players;
        local LocalPlayer_2 = Players.LocalPlayer;
        local Character_2 = LocalPlayer.Character;
        local Humanoid_2 = Character_2.Humanoid;
        Humanoid_2.JumpPower = p1_0;
    end,
    CurrentValue = 50,
    Increment = 5,
    Range = {
        50,
        200,
    },
    Flag = "JumpPowerSlider",
});
local Notify = _call5.Notify;
local Notify_2 = _call5:Notify({
    Image = 4483362458,
    Duration = 6,
    Title = "Twin Hub Loaded",
    Content = "Script executed successfully 🔥",
});
